0.925 -1232.559966664203
0.933 -372233.10993258934
0.942 -678031.2376619782
0.95 -1149978.4488977015
0.925 -1264.5776499693466
0.933 -381902.4502907427
0.942 -695644.1652481375
0.95 -1179850.9474214003
0.958 -1477911.8995191753
0.967 -1903189.3632038662
0.975 -2401938.7883517765
0.983 -2999704.643492287
0.992 -3676506.6017558808
0.958 -1519991.1556654847
0.967 -1957377.1620403477
0.975 -2470327.030949792
0.983 -3085112.535598611
0.992 -3781184.46724246
1.0 -4302197.949709812
1.008 -4944165.635545769
1.017 -5542043.563379621
1.025 -6161901.34107293
1.033 -6894909.825143321
1.042 -7362339.294935549
1.008 -5095020.270602673
1.017 -5711140.438535345
1.025 -6349911.09774072
1.033 -7105284.87769907
1.042 -7586976.390326876
1.05 -8026985.63794988
1.058 -8555050.34572772
1.067 -9132838.913045045
1.075 -9677254.863043416
1.083 -10197948.109164458
1.092 -10655246.785037043
1.058 -8829796.70522475
1.067 -9426141.014357053
1.075 -9988040.94098554
1.083 -10525456.306557097
1.092 -10997441.178456752
1.1 -11295820.829303049
1.108 -11793120.247380203
1.117 -12118474.414645148
1.125 -12380749.71274648
1.133 -12544118.450646095
1.142 -12731003.433628637
1.15 -12935733.096703518
1.1 -11672143.697365865
1.108 -12186010.75989532
1.117 -12522204.176048111
1.125 -12793217.236008013
1.133 -12962028.640972486
1.142 -13155139.740131676
1.15 -13366690.019003332
1.158 -13518348.698653888
1.167 -13583957.87297962
1.175 -13686159.527975053
1.183 -13849825.11534535
1.192 -13845393.994639253
1.158 -13980033.142533625
1.167 -14047883.029526062
1.175 -14153575.119285531
1.183 -14322830.284005228
1.192 -14318247.82976391
1.2 -14500954.714998452
1.208 -14657201.62251699
1.217 -14963486.951162595
1.225 -15269476.637599088
1.233 -15718704.974352948
1.242 -16207401.546023982
1.208 -15165374.318161804
1.217 -15482278.716197515
1.225 -15798877.221957138
1.233 -16263680.535485385
1.242 -16769320.467872487
1.25 -17107943.21751103
1.258 -17603641.650925007
1.267 -18227508.948023304
1.275 -18575308.46594474
1.283 -19169504.212261707
1.292 -19691815.27369605
1.258 -18218245.49159363
1.267 -18863894.147598654
1.275 -19223836.546165813
1.283 -19838777.715221833
1.292 -20379324.45713337
1.3 -21023548.539001588
1.308 -21650836.017243292
1.317 -22208952.506842148
1.325 -22744908.954312857
1.333 -23347187.2421528
1.342 -23880294.541349888
1.308 -22406951.180114277
1.317 -22984558.84964253
1.325 -23539232.57880381
1.333 -24162544.31520625
1.342 -24714269.39489177
1.35 -25178190.245743725
1.358 -25747115.780704483
1.367 -26166315.44784084
1.375 -26770297.148791112
1.383 -27426535.471006136
1.392 -27869979.58938759
1.4 -28526381.725462377
1.35 -26052831.732243422
1.358 -26641520.636642132
1.367 -27075282.48701826
1.375 -27700245.34060825
1.383 -28379280.109114215
1.392 -28838128.615940396
1.4 -29517332.888881832
1.408 -30001437.556593522
1.417 -30687591.511389367
1.425 -31431885.48755255
1.433 -31972943.645583272
1.442 -32591295.826189797
1.408 -31033264.016727906
1.417 -31743016.567589313
1.425 -32512908.724415507
1.433 -33072575.261557214
1.442 -33712194.16114773
1.45 -34247138.58621644
1.458 -34874133.4285782
1.467 -35458522.07779289
1.475 -36284170.48737943
1.483 -36711284.42361915
1.492 -37166101.152110875
1.458 -36056948.4186605
1.467 -36661157.59347308
1.475 -37514809.25989743
1.483 -37956409.48487296
1.492 -38426652.08897252
1.5 -38888011.92992601
1.508 -39326711.66081303
1.517 -39772118.78427973
1.525 -40063437.15929437
1.533 -40510657.09156638
1.542 -40784935.063811034
1.508 -40637715.09719031
1.517 -41097970.40512989
1.525 -41399000.23006229
1.533 -41861128.77897842
1.542 -42144550.13873121
1.55 -42439772.91663628
1.558 -42777705.58880682
1.567 -42975894.484126344
1.575 -43118260.79834452
1.583 -43195625.65067625
1.592 -43443455.43187449
1.558 -44175381.491670065
1.567 -44380045.812433526
1.575 -44527063.66099707
1.583 -44606956.255019106
1.592 -44862883.37824223
1.6 -45138541.84429889
1.608 -45244549.45089471
1.617 -45477456.674145386
1.625 -45957005.68281518
1.633 -46085839.74484585
1.642 -46333255.30841531
1.65 -46624969.6710914
1.6 -46580509.58200382
1.608 -46689903.64156016
1.617 -46930251.1738701
1.625 -47425119.55642519
1.633 -47558069.27114147
1.642 -47813388.618171714
1.65 -48114421.90614795
1.658 -48368743.132196836
1.667 -48702514.78836145
1.675 -48915913.054174855
1.683 -49331131.382417925
1.692 -49797253.880710036
1.658 -49876326.915028036
1.667 -50220501.751085654
1.675 -50440551.33227322
1.683 -50868711.41540711
1.692 -51349362.27796367
1.7 -51663483.56972438
1.708 -52108111.34836343
1.717 -52459696.647398375
1.725 -52757556.08984777
1.733 -53189009.71208269
1.742 -53514246.69830939
1.708 -53689855.89837003
1.717 -54052113.588252015
1.725 -54359014.570253916
1.733 -54803564.990624316
1.742 -55138674.563231766
1.75 -55604858.639555305
1.758 -55941028.6854938
1.767 -56323435.36866549
1.775 -56719416.11047442
1.783 -57254743.04798153
1.792 -57505863.13277091
1.758 -57592134.725012586
1.767 -57985828.186403655
1.775 -58393496.34636876
1.783 -58944623.521383196
1.792 -59203155.44500327
1.8 -59643358.450086124
1.808 -60043384.196768545
1.817 -60461970.08999465
1.825 -60745612.80011498
1.833 -61258091.199385546
1.842 -61533654.78689274
1.808 -61764050.997131705
1.817 -62194632.33097479
1.825 -62486403.406959206
1.833 -63013567.92992723
1.842 -63297028.35940554
1.85 -63601377.711183
1.858 -63865521.50283633
1.867 -64254774.21621664
1.875 -64675472.61907948
1.883 -65116386.10803825
1.892 -65392434.3392814
1.9 -65608061.92430453
1.85 -65368706.52003786
1.858 -65640190.23025066
1.867 -66040259.3372224
1.875 -66472647.933505185
1.883 -66925813.344345085
1.892 -67209532.28979705
1.9 -67431151.64507279
1.908 -67691785.24101688
1.917 -67979659.54938027
1.925 -68318783.33365119
1.933 -68554253.89863169
1.942 -68777720.08186805
1.908 -69513511.83588037
1.917 -69809133.44004422
1.925 -70157383.75000149
1.933 -70399191.31716038
1.942 -70628671.439719
1.95 -70828044.14950393
1.958 -70956534.05283739
1.967 -71136230.26451038
1.975 -71352197.61125718
1.983 -71498941.6152487
1.992 -71597324.10580844
1.958 -72803873.97774735
1.967 -72988248.54625681
1.975 -73209838.56197199
1.983 -73360403.01831414
1.992 -73461346.87838198
2.0 -73640126.96789972
2.008 -73775367.41656892
2.017 -73912553.77097437
2.025 -74058253.4629759
2.033 -74209790.87218617
2.042 -74327274.93101212
2.05 -74381030.57697596
2.0 -75492855.38050109
2.008 -75631498.37384395
2.017 -75772136.23040037
2.025 -75921501.61351617
2.033 -76076851.58627264
2.042 -76197291.4527917
2.05 -76252399.54906648
2.058 -76426700.72235185
2.067 -76474328.08157575
2.075 -76535670.12539291
2.083 -76662842.65525778
2.092 -76819190.05962104
2.058 -78282935.58861455
2.067 -78331719.71064442
2.075 -78394551.6165049
2.083 -78524812.88475223
2.092 -78684957.62042098
2.1 -78825180.04447544
2.108 -78960038.76924913
2.117 -78986346.43715006
2.125 -79069356.0688763
2.133 -79238695.71759781
2.142 -79261172.17172675
2.15 -79415697.79386328
2.1 -80671479.34789717
2.108 -80809496.8294218
2.117 -80836420.69418892
2.125 -80921374.63641527
2.133 -81094680.67855701
2.142 -81117683.59214444
2.15 -81275828.6230581
2.158 -81327323.78188452
2.167 -81519450.38968872
2.175 -81603097.34818849
2.183 -81713668.1714554
2.192 -81819011.05981605
2.158 -83162516.8449532
2.167 -83358978.88888729
2.175 -83444513.38420554
2.183 -83557579.29520434
2.192 -83665299.30024576
2.2 -83754041.33913845
2.208 -83915754.99434951
2.217 -83931525.4169238
2.225 -84067311.42824152
2.233 -84123978.03138988
2.242 -84168081.75553833
2.25 -84291304.88785617
2.2 -85572959.36320649
2.208 -85738185.01470453
2.217 -85754297.9294787
2.225 -85893032.85668696
2.233 -85950930.10977389
2.242 -85995991.65109152
2.25 -86121890.86653051
2.258 -86185523.22487603
2.267 -86283566.21477321
2.275 -86488118.30233026
2.283 -86504777.41760528
2.292 -86643512.34481353
2.3 -86697586.19439471
2.25 -87920043.08065334
2.258 -87985004.0288022
2.267 -88085094.07337488
2.275 -88293917.03544995
2.283 -88310923.97895673
2.292 -88452555.57406238
2.3 -88507758.43987128
2.308 -88675039.8514134
2.317 -88829775.15708983
2.325 -89095473.79908921
2.333 -89253554.7329965
2.342 -89329946.57760073
2.308 -90453104.46874283
2.317 -90610942.4442634
2.325 -90881968.73376092
2.333 -91043219.42226572
2.342 -91121143.03540564
2.35 -91385628.29168338
2.358 -91600060.42419244
2.367 -91828427.80138709
2.375 -92049116.57436723
2.383 -92390103.48004144
2.392 -92595150.65184388
2.4 -92873286.76005852
2.35 -93143406.76330388
2.358 -93361963.44135904
2.367 -93594723.40485808
2.375 -93819657.06821458
2.383 -94167202.76713784
2.392 -94376193.96724099
2.4 -94659679.95018254
2.408 -94907222.92506199
2.417 -95110996.59173673
2.425 -95376221.20767902
2.433 -95644344.45330371
2.442 -95786667.17071097
2.408 -96656290.04839787
2.417 -96863819.10702275
2.425 -97133931.60864693
2.433 -97406996.15946916
2.442 -97551941.7750948
2.45 -97873715.13768533
2.458 -98028107.31074484
2.467 -98077996.94219236
2.475 -98309732.80424148
2.483 -98489512.60040447
2.492 -98721248.4624536
2.5 -98857042.72556521
2.45 -99599727.84754017
2.458 -99756842.74194144
2.467 -99807612.18200608
2.475 -100043434.72905192
2.483 -100226384.95981744
2.492 -100462207.50686331
2.5 -100600396.5153233
2.508 -100789955.78562385
2.517 -100997239.29831384
2.525 -101127617.62368695
2.533 -101311168.6762284
2.542 -101492316.44166617
2.55 -101687883.92972586
2.5 -102295754.72397739
2.508 -102488508.52308759
2.517 -102699285.2606249
2.525 -102831860.77380054
2.533 -103018505.1022575
2.542 -103202705.64245315
2.55 -103401568.9122166
2.558 -103506040.86038728
2.567 -103658777.62671866
2.575 -103820678.59902993
2.583 -103994493.03911504
2.592 -104159754.22028558
2.558 -105170534.45050128
2.567 -105325727.39587708
2.575 -105490231.91797544
2.583 -105666841.48981313
2.592 -105834760.25670974
2.6 -105951465.35163236
2.608 -106202877.9231412
2.617 -106256574.6822412
2.625 -106473844.80576736
2.633 -106597378.3902865
2.642 -106695149.94587328
2.65 -106888520.35581154
2.6 -107574770.28577374
2.608 -107830034.80276045
2.617 -107884554.26132673
2.625 -108105153.22662388
2.633 -108230579.49546427
2.642 -108329849.02984798
2.65 -108526182.10896243
2.658 -108627342.49162012
2.667 -108853929.14311819
2.675 -108982821.96712753
2.683 -109133144.40490858
2.692 -109298908.77026044
2.658 -110210321.91134053
2.667 -110440210.51240191
2.675 -110570981.63595423
2.683 -110723494.65779886
2.692 -110891674.63576588
2.7 -111068807.16008855
2.708 -111256810.6335574
2.717 -111500447.7879507
2.725 -111717227.30327702
2.733 -111953190.8465083
2.742 -112116255.08370067
2.75 -112330796.46243805
2.7 -112605452.42468293
2.708 -112796056.9402861
2.717 -113043064.83295551
2.725 -113262843.5091102
2.733 -113502071.62563252
2.742 -113667391.86875774
2.75 -113884901.44353616
2.758 -114156221.13666518
2.767 -114463846.45181383
2.775 -114647319.50594887
2.783 -114890113.3532053
2.792 -115178937.54266517
2.8 -115418489.81652698
2.75 -115377772.85914855
2.758 -115652649.1731222
2.767 -115964307.02492745
2.775 -116150185.15361217
2.783 -116396161.687861
2.792 -116688771.95757486
2.8 -116931464.42594586
2.808 -117078590.57727225
2.817 -117310445.62824646
2.825 -117509131.61385465
2.833 -117719311.83003521
2.842 -117909459.24436109
2.808 -118529545.38823602
2.817 -118764273.818536
2.825 -118965422.1192888
2.833 -119178207.09859757
2.842 -119370711.009566
2.85 -119463471.96148336
2.858 -119637357.18676227
2.867 -119772342.65801126
2.875 -119886049.6313294
2.883 -120001086.51076819
2.892 -120240469.61249055
2.9 -120378114.8959809
2.85 -120859777.07504523
2.858 -121035694.69420357
2.867 -121172257.8937796
2.875 -121287293.88948162
2.883 -121403675.33542572
2.892 -121645856.37900887
2.9 -121785110.47906917
2.908 -121888373.78515255
2.917 -122164191.0847889
2.925 -122325981.47640486
2.933 -122490462.76850508
2.942 -122630389.59368645
2.908 -123228398.24349381
2.917 -123507247.84158546
2.925 -123670816.93510018
2.933 -123837106.51249874
2.942 -123978571.67445743
2.95 -124156763.36884768
2.958 -124279865.26459058
2.967 -124454996.41461155
2.975 -124604623.02822171
2.983 -124723644.19813888
2.992 -124842325.30757053
3.0 -124949784.4209815
2.95 -125436827.02167848
2.958 -125561198.10532592
2.967 -125738134.86797352
2.975 -125889304.14091516
2.983 -126009552.42620966
2.992 -126129457.1449747
3.0 -126238024.16826917
3.008 -126430764.99126977
3.017 -126563725.23815253
3.025 -126732759.97062363
3.033 -126862971.6852711
3.042 -126963980.24491847
3.05 -127226465.07338986
3.0 -127454528.13756885
3.008 -127649126.32468592
3.017 -127783367.85483621
3.025 -127954031.50556989
3.033 -128085498.01700906
3.042 -128187479.95464261
3.05 -128452494.24155428
3.058 -128735199.2727493
3.067 -128945060.06277752
3.075 -129279796.694806
3.083 -129514285.77589542
3.092 -129647139.79669015
3.058 -129890383.5260789
3.067 -130102127.46757929
3.075 -130439867.80402206
3.083 -130676461.03452504
3.092 -130810507.1991443
3.1 -131061100.02908523
3.108 -131247294.70161124
3.117 -131433139.38415125
3.125 -131598334.65752016
3.133 -131744280.48166175
3.142 -131870626.8665901
3.15 -132071521.118526
3.1 -132151553.76969098
3.108 -132339297.6179609
3.117 -132526688.56426035
3.125 -132693258.29430433
3.133 -132840418.41597451
3.142 -132967816.02730052
3.15 -133170381.75832854
3.158 -133248020.19182362
3.167 -133280487.17310338
3.175 -133343656.62581071
3.183 -133292132.93812764
3.192 -133387769.37211476
3.158 -134270973.5938173
3.167 -134303689.8261471
3.175 -134367344.23470187
3.183 -134315424.9964393
3.192 -134411795.63732395
3.2 -134401482.91191563
3.208 -134451268.4828523
3.217 -134474738.82343677
3.225 -134523813.17193148
3.233 -134546927.90129498
3.242 -134663212.7705542
3.25 -134697707.05898893
3.2 -135348187.3946772
3.208 -135398323.64792898
3.217 -135421959.31017628
3.225 -135471379.33123875
3.233 -135494656.8773914
3.242 -135611760.8403438
3.25 -135646498.10152543
3.258 -135782582.2174946
3.267 -135838806.44435558
3.275 -135921173.14612645
3.283 -136070507.55759785
3.292 -136188327.7527396
3.3 -136225929.94267845
3.25 -136517414.98293927
3.258 -136654372.82551065
3.267 -136710958.03941518
3.275 -136793853.57570845
3.283 -136944146.78716177
3.292 -137062723.44559863
3.3 -137100567.05999336
3.308 -137295191.36259487
3.317 -137436474.18966854
3.325 -137584244.4934956
3.333 -137664617.1221625
3.342 -137782112.5344738
3.308 -138092450.18523067
3.317 -138234553.42691064
3.325 -138383181.8174433
3.333 -138464021.16156226
3.342 -138582198.85744923
3.35 -138756565.33512285
3.358 -138872205.47312266
3.367 -139007783.56595
3.375 -139236526.28406242
3.383 -139340566.1574353
3.392 -139448231.11350405
3.4 -139548645.904181
3.35 -139478516.94137985
3.358 -139594758.7560151
3.367 -139731042.2628288
3.375 -139960975.13127655
3.383 -140065556.32500798
3.392 -140173781.4627718
3.4 -140274718.71247074
3.408 -140459831.0693193
3.417 -140563683.4742442
3.425 -140712720.7851715
3.433 -140760820.84639987
3.442 -140918239.22860184
3.408 -141107178.18482986
3.417 -141211509.22164726
3.425 -141361233.41132557
3.433 -141409555.15469363
3.442 -141567699.04208004
3.45 -141562574.00869253
3.458 -141672030.07889745
3.467 -141739021.58674866
3.475 -141853602.69034111
3.483 -141914737.01717797
3.492 -141950246.17707726
3.5 -141977335.63926843
3.45 -142132239.8315215
3.458 -142242136.36688986
3.467 -142309397.45709863
3.475 -142424439.64964142
3.483 -142485819.98879364
3.492 -142521472.04207373
3.5 -142548670.51571
3.508 -142445022.2783392
3.517 -142407164.94341293
3.525 -142330347.6327374
3.533 -142335493.28991184
3.542 -142352767.9961403
3.55 -142313440.47344998
3.5 -143040325.07172695
3.508 -142936319.34853786
3.517 -142898331.44255027
3.525 -142821249.18671155
3.533 -142826412.59140888
3.542 -142843746.87860706
3.55 -142804283.7141346
3.558 -142811660.00655937
3.567 -142777729.06140548
3.575 -142700646.8055667
3.583 -142677411.48442873
3.592 -142734577.75072062
3.558 -143223447.26688138
3.567 -143189418.48426136
3.575 -143112113.96722245
3.583 -143088811.6486892
3.592 -143146142.74984246
3.6 -143109524.82071874
3.608 -143148362.01827422
3.617 -143178692.02017465
3.625 -143227146.04760095
3.633 -143406167.03442794
3.642 -143516020.821799
3.65 -143639560.0978325
3.6 -143442580.58382317
3.608 -143481508.16636512
3.617 -143511908.75463596
3.625 -143560475.54809305
3.633 -143739913.1666673
3.642 -143850022.6144288
3.65 -143973849.4008003
3.658 -143973849.4008003
3.667 -144117696.0867648
3.675 -144229659.22893304
3.683 -144359788.57628754
3.692 -144435048.56920195
3.658 -144230199.42557064
3.667 -144374302.23514137
3.675 -144486464.73125052
3.683 -144616825.77805293
3.692 -144692219.77378193
3.7 -144802525.27492237
3.708 -144838179.5783213
3.717 -144805125.06787857
3.725 -144820723.82561558
3.733 -144879033.4676326
3.742 -144893146.62939468
3.75 -144916173.36700648
3.7 -144982534.92904776
3.708 -145018233.55569875
3.717 -144985137.95390776
3.725 -145000756.10306755
3.733 -145059138.23206964
3.742 -145073268.93845233
3.75 -145096324.30149776
3.758 -145136113.3957858
3.767 -145262174.17114708
3.775 -145245440.43990442
3.783 -145235400.20115882
3.792 -145234656.47977027
3.8 -145364807.7227686
3.75 -145200075.11403924
3.758 -145239892.65943304
3.767 -145366043.57427877
3.775 -145349297.87761784
3.783 -145339250.45962125
3.792 -145338506.20643634
3.8 -145468750.5137992
3.808 -145520848.23674434
3.817 -145571085.32672715
3.825 -145684956.06402156
3.833 -145709144.29253182
3.842 -145653325.303662
3.808 -145549399.76176715
3.817 -145599646.70838255
3.825 -145713539.7873774
3.833 -145737732.76167372
3.842 -145681902.82098994
3.85 -145646916.05816147
3.858 -145720983.77946857
3.867 -145778302.51857054
3.875 -145786490.90987086
3.883 -145814033.68060815
3.892 -145944303.5422036
3.9 -145941325.94536713
3.85 -145601261.67380708
3.858 -145675306.17789608
3.867 -145732606.94990465
3.875 -145740792.77447733
3.883 -145768326.91167626
3.892 -145898555.93896848
3.9 -145895579.2754875
3.908 -145907113.84647626
3.917 -146065621.17683765
3.925 -146025808.30277976
3.933 -146089806.56762052
3.942 -146193989.78945428
3.908 -145788344.7291043
3.917 -145946723.03370935
3.925 -145906942.56752923
3.933 -145970888.73746365
3.942 -146074987.15363595
3.95 -146279094.4053453
3.958 -146386910.62209517
3.967 -146480970.97670802
3.975 -146655335.82379666
3.983 -146860930.19573697
3.992 -146937145.10757744
4.0 -147012988.23936015
3.95 -146088125.59264484
3.958 -146195801.05425137
3.967 -146289738.61213574
3.975 -146463875.82418218
3.983 -146669201.790625
3.992 -146745317.20314
4.0 -146821061.32095978
4.008 -147036412.24417287
4.017 -147145944.17925537
4.025 -147375775.5955811
4.033 -147382830.1947898
4.042 -147519837.93731678
4.05 -147400281.04546395
4.0 -146558536.81359413
4.008 -146773502.67696282
4.017 -146882838.7626417
4.025 -147112259.22716796
4.033 -147119301.21234727
4.042 -147256063.97714567
4.05 -147136720.8598961
4.058 -147205658.18849367
4.067 -147250133.88436303
4.075 -147282749.39466727
4.083 -147392826.741944
4.092 -147451015.77737314
4.1 -147545897.26189443
4.05 -146803934.09029916
4.058 -146872715.49975735
4.067 -146917090.60263357
4.075 -146949632.3447428
4.083 -147059460.72436148
4.092 -147117518.1506246
4.1 -147212185.0367605
4.108 -147282075.82379058
4.117 -147318315.49113953
4.125 -147298346.69484526
4.133 -147285773.74903032
4.142 -147325341.54909492
4.108 -146880485.36814654
4.117 -146916626.22167552
4.125 -146896711.87381265
4.133 -146884173.21034342
4.142 -146923633.1218495
4.15 -147054182.73561743
4.158 -147129045.93221313
4.167 -147251482.293148
4.175 -147475334.31449583
4.183 -147621741.6497101
4.192 -147644606.27133048
4.2 -147757454.2425536
4.15 -146586116.9159448
4.158 -146660741.8268772
4.167 -146782788.47923955
4.175 -147005927.9912394
4.183 -147151869.31951603
4.192 -147174661.1642343
4.2 -147287149.94623092
4.208 -147409931.81939062
4.217 -147452207.01523903
4.225 -147493011.7694927
4.233 -147459559.22321266
4.242 -147392286.52025393
4.25 -147438605.4304878
4.2 -146752395.73484528
4.208 -146874731.82489505
4.217 -146916853.53254694
4.225 -146957510.13732395
4.233 -146924179.04692116
4.242 -146857150.5903969
4.25 -146903301.33095458
4.258 -146769244.41790602
4.267 -146844330.94024196
4.275 -146864476.10477114
4.283 -146786825.6524042
4.292 -146767779.31503117
4.3 -146827482.25718123
4.25 -146305399.0306482
4.258 -146171887.73458686
4.267 -146246668.65177968
4.275 -146266731.8246851
4.283 -146189397.41275883
4.292 -146170428.5947392
4.3 -146229888.54353157
4.308 -146178089.07893944
4.317 -146105496.8715181
4.325 -145999709.23256233
4.333 -146071571.87005988
4.342 -146117169.99029943
4.35 -145989130.4686668
4.3 -145571687.63211507
4.308 -145520121.3240626
4.317 -145447855.86418626
4.325 -145342544.38999456
4.333 -145414083.563842
4.342 -145459476.4406488
4.35 -145332013.24257544
4.358 -145272457.78820494
4.367 -145196924.04119852
4.375 -145176951.17540354
4.383 -145146084.01917496
4.392 -145170051.45812893
4.358 -144557115.5310575
4.367 -144481953.72297123
4.375 -144462079.20640993
4.383 -144431364.0444516
4.392 -144455213.46432513
4.4 -144319705.39686182
4.408 -144317175.91293588
4.417 -144239484.62092358
4.425 -144205878.6201927
4.433 -144255745.58901915
4.442 -144249963.91147408
4.45 -144246711.71785498
4.4 -143549150.6103282
4.408 -143546634.6318757
4.417 -143469358.150833
4.425 -143435931.57996342
4.433 -143485532.29802796
4.442 -143479781.49013644
4.45 -143476546.66069746
4.458 -143577904.64978597
4.467 -143558495.673152
4.475 -143559214.52413842
4.483 -143630380.77179635
4.492 -143607377.54023015
4.5 -143781339.47894943
4.45 -142652050.99030066
4.458 -142752826.52026877
4.467 -142733529.07836
4.475 -142734243.79843065
4.483 -142805001.08542958
4.492 -142782130.04316732
4.5 -142955092.3002757
4.508 -143104468.79505116
4.517 -143063015.03095078
4.525 -143015128.78621417
4.533 -143011912.54589602
4.542 -143049435.34960756
4.55 -143049077.98957223
4.5 -142076442.83279735
4.508 -142224901.21003336
4.517 -142183702.23453245
4.525 -142136110.31455725
4.533 -142132913.8423201
4.542 -142170206.0184201
4.55 -142169850.8548382
4.558 -142255090.11449525
4.567 -142217797.9383953
4.575 -142258286.58673236
4.583 -142403193.32814935
4.592 -142391472.9299465
4.6 -142298775.23506945
4.55 -141240236.40594795
4.558 -141324918.30659455
4.567 -141287869.97506166
4.575 -141328093.87786874
4.583 -141472053.10896796
4.592 -141460409.34762907
4.6 -141368317.7806759
4.608 -141487225.28283384
4.617 -141584962.3098301
4.625 -141625186.21263725
4.633 -141781142.04632804
4.642 -141738801.09600472
4.608 -140507560.61669794
4.617 -140604620.90760207
4.625 -140644566.2980825
4.633 -140799442.28573462
4.642 -140757394.50628155
4.65 -140863565.14940056
4.658 -140959223.84765628
4.667 -141045772.19369715
4.675 -141086418.38050184
4.683 -141119355.80774006
4.692 -141137576.51216972
4.7 -141226577.64534542
4.65 -139834918.71236163
4.658 -139929878.8695927
4.667 -140015795.20232558
4.675 -140056144.57316375
4.683 -140088841.47711876
4.692 -140106929.12611517
4.7 -140195280.33467454
4.708 -140175105.64925545
4.717 -140183801.63434985
4.725 -140353199.42398924
4.733 -140389374.72198203
4.742 -140440854.953741
4.75 -140391461.7584047
4.7 -139119402.42039385
4.708 -139099382.55829278
4.717 -139108011.80919838
4.725 -139276109.61684003
4.733 -139312007.30060744
4.742 -139363092.46596876
4.75 -139314078.3208248
4.758 -139302342.53959313
4.767 -139354463.21506315
4.775 -139407964.57067803
4.783 -139323397.9118029
4.792 -139199136.69876182
4.8 -139180497.51680568
4.75 -138194074.02935758
4.758 -138182432.59699216
4.767 -138234134.25249732
4.775 -138287205.48828074
4.783 -138203318.69623598
4.792 -138080056.47119057
4.8 -138061567.13743377
4.808 -138064648.6930599
4.817 -137965354.12288445
4.825 -138055061.63111195
4.833 -138160176.9174701
4.842 -138110872.02745193
4.85 -138035887.50721598
4.8 -136902052.48749396
4.808 -136905108.16257295
4.817 -136806647.5211379
4.825 -136895601.6178827
4.833 -136999834.09002256
4.842 -136950943.28875828
4.85 -136876588.52850214
4.858 -136819549.26036045
4.867 -136741120.2666656
4.875 -136703094.08790448
4.883 -136564230.6315357
4.892 -136499382.41596985
4.858 -135622139.1208781
4.867 -135544396.51792777
4.875 -135506703.1346791
4.883 -135369054.97620863
4.892 -135304774.2958471
4.9 -135236118.49064422
4.908 -135277850.4506695
4.917 -135149289.08994645
4.925 -135118663.21605694
4.933 -134995823.1724341
4.942 -134860530.85041666
4.95 -134840001.41846874
4.9 -134005559.11030571
4.908 -134046911.33705086
4.917 -133919519.79981986
4.925 -133889172.60116014
4.933 -133767450.3208216
4.942 -133633389.0695995
4.95 -133613046.4419265
4.958 -133639058.32649195
4.967 -133594704.72845082
4.975 -133477651.24790612
4.983 -133246545.65811276
4.992 -133152836.17653707
5.0 -132911726.01575696
4.95 -132351525.98497422
4.958 -132377292.27582426
4.967 -132333357.44655427
4.975 -132217409.13772893
4.983 -131988485.55363789
4.992 -131895660.83916517
5.0 -131656827.14320868
5.008 -131488355.24149664
5.017 -131165946.26880853
5.025 -130997804.70415868
5.033 -130826690.1059492
5.042 -130565723.82682665
5.05 -130342085.63573046
5.0 -130369379.7315278
5.008 -130202555.28493454
5.017 -129883299.0891012
5.025 -129716801.74926598
5.033 -129547360.44860852
5.042 -129288946.10976802
5.05 -129067494.83458441
5.058 -128935343.7043419
5.067 -128709312.93454595
5.075 -128508142.27835998
5.083 -128278513.33422574
5.092 -128129025.5458079
5.1 -127928509.10313794
5.05 -127762455.92077799
5.058 -127631641.00898221
5.067 -127407895.70192556
5.075 -127208759.1406523
5.083 -126981452.04144283
5.092 -126833475.76745604
5.1 -126634986.80475597
5.108 -126367852.39329186
5.117 -126388575.54763575
5.125 -126267798.41372529
5.133 -126244808.66437502
5.142 -125800556.04312798
5.108 -125048655.41484906
5.117 -125069162.2331385
5.125 -124949645.9327953
5.133 -124926896.18125543
5.142 -124487281.26417536
5.15 -124202749.16040926
5.158 -124128091.52507423
5.167 -124090282.07885306
5.175 -123831063.07891297
5.183 -123551337.26068345
5.192 -123262639.7094523
5.2 -123070708.70702448
5.15 -122865920.4934148
5.158 -122792066.4189333
5.167 -122754663.92627743
5.175 -122498234.97239102
5.183 -122221519.92079295
5.192 -121935929.70144606
5.2 -121746064.505676
5.208 -121653826.15514334
5.217 -121451916.088857
5.225 -120995795.86062147
5.233 -120696575.91937453
5.242 -120455044.56849514
5.25 -120169454.34914821
5.2 -120396701.16265109
5.208 -120305485.12893446
5.217 -120105812.91767152
5.225 -119654748.06365685
5.233 -119358844.50410865
5.242 -119119990.14777845
5.25 -118837565.2461334
5.258 -118397471.3927376
5.267 -118281178.78617786
5.275 -118078372.00330955
5.283 -117761466.81400532
5.292 -117543300.63027063
5.3 -117516656.77162485
5.25 -117482804.17839262
5.258 -117047727.44241668
5.267 -116932760.58412103
5.275 -116732265.8204626
5.283 -116418973.38451412
5.292 -116203294.31881665
5.3 -116176954.20303461
5.308 -115985136.18339851
5.317 -115727622.8161649
5.325 -115627530.37619321
5.333 -115375285.03211598
5.342 -115128927.47862531
5.35 -114943307.13329087
5.3 -114816097.17764786
5.308 -114626526.04855394
5.317 -114372029.10464916
5.325 -114273109.11321564
5.333 -114023818.48464943
5.342 -113780346.67910875
5.35 -113596900.62688377
5.358 -113477461.6279393
5.367 -113437648.62829113
5.375 -113191114.28431596
5.383 -113101688.16202933
5.392 -112920385.88670845
5.358 -112112962.59554383
5.367 -112073628.32355416
5.375 -111830058.40854119
5.383 -111741707.58222593
5.392 -111562585.35901143
5.4 -111321738.58590543
5.408 -111089061.2385204
5.417 -110928395.86600876
5.425 -110609788.26289241
5.433 -110342617.78468563
5.442 -110171059.84454608
5.45 -110023405.03892332
5.4 -109948842.37972885
5.408 -109719034.56934123
5.417 -109560350.63264965
5.425 -109245672.31751543
5.433 -108981796.76930699
5.442 -108812354.59961936
5.45 -108666520.77456194
5.458 -108412208.10012774
5.467 -108339888.86720993
5.475 -108134287.08106336
5.483 -108135482.44028515
5.492 -107828275.12028708
5.5 -107657338.75157224
5.45 -107293102.31551829
5.458 -107042003.85755986
5.467 -106970598.65564923
5.475 -106767595.43699424
5.483 -106768775.68826549
5.492 -106465451.11155424
5.5 -106296675.17976552
5.508 -106177174.73855147
5.517 -105852015.5133221
5.525 -105653438.23693429
5.533 -105446599.20164774
5.542 -105354539.60249028
5.55 -105203467.43977025
5.5 -104920857.31259839
5.508 -104802903.58807965
5.517 -104481952.95988297
5.525 -104285945.90654688
5.533 -104081784.02781196
5.542 -103990915.97336791
5.55 -103841799.16607507
5.558 -103732873.99824786
5.567 -103417457.0015718
5.575 -103385420.187505
5.583 -103027481.60124935
5.592 -102829435.84156355
5.6 -102722258.13632184
5.55 -102466303.32715438
5.558 -102358820.98982802
5.567 -102047582.02906753
5.575 -102015969.57691276
5.583 -101662772.27056499
5.592 -101467349.83906254
5.6 -101361591.81730829
5.608 -101140304.65222466
5.617 -100995749.53009859
5.625 -100957814.58751282
5.633 -100873323.12448089
5.642 -100687097.04269624
5.608 -99770074.88860524
5.617 -99627478.17199814
5.625 -99590057.16485672
5.633 -99506710.37622353
5.642 -99323007.25025655
5.65 -99249015.71340872
5.658 -99134768.24463604
5.667 -98945962.25405887
5.675 -98714065.40677337
5.683 -98479617.12718277
5.692 -98379260.78984894
5.7 -98120715.64959912
5.65 -97874543.049104
5.658 -97761877.76249874
5.667 -97575686.49480863
5.675 -97347001.12398203
5.683 -97115799.65494339
5.692 -97016833.12527026
5.7 -96761868.50645138
5.708 -96634665.76350993
5.717 -96375228.08120298
5.725 -96161080.16671257
5.733 -95941061.35639405
5.742 -95731945.63832767
5.75 -95510808.56213716
5.7 -95392772.02471422
5.708 -95267369.09021503
5.717 -95011602.22600575
5.725 -94800484.31869507
5.733 -94583578.58363825
5.742 -94377421.67153852
5.75 -94159413.4931015
5.758 -93859548.89368373
5.767 -93717609.30848137
5.775 -93637682.16341595
5.783 -93404239.77765596
5.792 -93076262.87204276
5.8 -92886091.38895611
5.75 -92798873.84919068
5.758 -92503342.08979578
5.767 -92363453.43530278
5.775 -92284681.18325818
5.783 -92054611.88159686
5.792 -91731374.01975869
5.8 -91543950.38558361
5.808 -91295138.72050479
5.817 -91072675.01559262
5.825 -90835815.00254817
5.833 -90575866.57080099
5.842 -90289570.17888716
5.85 -90161633.17642853
5.8 -90193715.5700171
5.808 -89948573.77248599
5.817 -89729391.3137764
5.825 -89496024.88643238
5.833 -89239910.58486332
5.842 -88957836.94447272
5.85 -88831786.95906098
5.858 -88722597.16278075
5.867 -88515190.07425825
5.875 -88210636.18169232
5.883 -88119644.68479213
5.892 -88048457.2195702
5.858 -87387306.68194294
5.867 -87183021.10608824
5.875 -86883050.8024461
5.883 -86793428.74336146
5.892 -86723312.66184227
5.9 -86528252.88618746
5.908 -86458927.58754256
5.917 -85022602.29356538
5.925 -87193828.47203669
5.933 -92268018.58197628
5.942 -95060272.91104594
5.95 -97915526.27576622
5.9 -85199927.71785821
5.908 -85131666.65587498
5.917 -83717390.88877784
5.925 -85855285.82244994
5.933 -90851580.28319867
5.942 -93600969.74931358
5.95 -96412391.13107099
5.958 -98064412.65017053
5.967 -98852399.66226575
5.975 -98044427.47232755
5.983 -95426369.17489518
5.992 -90400486.26902822
6.0 -89869970.63901417
5.95 -94903217.4971298
5.958 -96529379.40119357
5.967 -97305031.80350894
5.975 -96509707.05765657
5.983 -93932630.05431156
5.992 -88985418.88223137
6.0 -88463207.58106777
6.008 -88155348.17896302
6.017 -88058008.40120208
6.025 -88609600.47518066
6.033 -88116258.97687006
6.042 -88908517.90295044
6.05 -88258819.59626794
6.0 -87051664.78197713
6.008 -86748717.66752343
6.017 -86652931.06950943
6.025 -87195721.79158872
6.033 -86710252.1832816
6.042 -87489869.61226162
6.05 -86850538.06698711
6.058 -88036431.46024697
6.067 -89739471.91942489
6.075 -91198897.6450712
6.083 -93157620.44068015
6.092 -94635398.97906928
6.1 -95799922.65886144
6.05 -85438317.33185244
6.058 -86604927.67543988
6.067 -88280276.08914806
6.075 -89715971.03180763
6.083 -91642844.29593521
6.092 -93096593.62805459
6.1 -94242181.73733954
6.108 -94600301.68169287
6.117 -93485628.62285279
6.125 -92852241.0693384
6.133 -92281178.25752081
6.142 -92594780.52923353
6.108 -93033183.03334537
6.117 -91936975.29550602
6.125 -91314080.2396803
6.133 -90752477.47361171
6.142 -91060884.70937394
6.15 -91332078.76921216
6.158 -91418423.06629069
6.167 -91523495.56301723
6.175 -91190279.54330574
6.183 -90213494.48114401
6.192 -89083721.91796145
6.2 -88297380.75611663
6.15 -89791096.12405251
6.158 -89875983.59385744
6.167 -89979283.27542286
6.175 -89651689.37786585
6.183 -88691384.93072052
6.192 -87580674.23425888
6.2 -86807600.45995091
6.208 -86527830.48904453
6.217 -85859251.99446826
6.225 -85655522.06693643
6.233 -84801864.9762221
6.242 -84166763.23030129
6.25 -83091442.23956113
6.2 -85316227.1850983
6.208 -85041263.72255646
6.217 -84384171.5505334
6.225 -84183941.74704139
6.233 -83344950.66902909
6.242 -82720760.10790846
6.25 -81663913.36342071
6.258 -81173914.37248076
6.267 -80836202.83771785
6.275 -80135163.51398936
6.283 -79267501.03219065
6.292 -78678797.20854339
6.3 -78095498.64954437
6.25 -80235665.30036788
6.258 -79754236.06907922
6.267 -79422430.8866515
6.275 -78733652.27900924
6.283 -77881164.64259784
6.292 -77302756.86112155
6.3 -76729659.80977456
6.308 -76400625.44306648
6.317 -76139245.1601798
6.325 -75994931.84144816
6.333 -75682984.1716779
6.342 -75235959.23557484
6.35 -74779005.54314308
6.3 -75363908.15486024
6.308 -75040730.444261
6.317 -74784002.60678852
6.325 -74642257.99687655
6.333 -74335862.8480909
6.342 -73896794.74442767
6.35 -73447974.61160251
6.358 -72939961.92967811
6.367 -72207652.57702905
6.375 -71828230.60521677
6.383 -71772666.71813129
6.392 -71583976.29341651
6.358 -71618981.10991547
6.367 -70899934.2622553
6.375 -70527383.82059056
6.383 -70472826.22453086
6.392 -70287553.08199348
6.4 -70033915.9313323
6.408 -69899414.75574026
6.417 -69726834.60493919
6.425 -69395480.71540114
6.433 -69158544.8696562
6.442 -68585801.45306225
6.45 -68327933.30515563
6.4 -68743753.31847082
6.408 -68611729.91933647
6.417 -68442329.0346856
6.425 -68117079.3361559
6.433 -67884508.31516427
6.442 -67322315.95991002
6.45 -67069198.25097363
6.458 -66823293.74099655
6.467 -66543946.21766259
6.475 -66340446.574294895
6.483 -66011262.40360558
6.492 -65521420.61973125
6.5 -65120541.62302196
6.45 -65812765.40663874
6.458 -65571467.51953718
6.467 -65297353.1197898
6.475 -65097665.71277509
6.483 -64774648.27457513
6.492 -64293982.88346882
6.5 -63900613.70574059
6.508 -63267877.0240076
6.517 -62779061.12649254
6.525 -62465481.11676589
6.533 -62351803.0010647
6.542 -62293677.021149576
6.55 -62149970.72394242
6.5 -62683682.22663423
6.508 -62062995.463381395
6.517 -61583488.63848202
6.525 -61275880.48665977
6.533 -61164367.27156689
6.542 -61107348.25026468
6.55 -60966378.714203864
6.558 -60683598.03291174
6.567 -60278152.81501743
6.575 -59857348.22976129
6.583 -59561522.606326215
6.592 -59716589.0959931
6.6 -59363534.04896319
6.55 -59786471.29202294
6.558 -59509163.381653786
6.567 -59111564.91195038
6.575 -58698904.3310439
6.583 -58408803.94266663
6.592 -58560869.366730675
6.6 -58214647.13935012
6.608 -58014094.09702957
6.617 -57981493.91113795
6.625 -58137066.9501397
6.633 -57972621.708648466
6.642 -57729564.62649454
6.608 -56873523.13718059
6.617 -56841563.8787376
6.625 -56994078.314598456
6.633 -56832866.1058702
6.642 -56594587.58406105
6.65 -56271354.071454085
6.658 -55915149.93146605
6.667 -55928904.54902379
6.675 -55877527.00696988
6.683 -55604861.94126637
6.692 -55453763.4219188
6.7 -55264839.704287454
6.65 -55147986.740114376
6.658 -54798893.64447125
6.667 -54812373.67315026
6.675 -54762021.80131985
6.683 -54494800.05633012
6.692 -54346717.9765769
6.7 -54161565.817956425
6.708 -54203591.789720386
6.717 -54144715.782107666
6.725 -53969871.8807123
6.733 -53575581.041851334
6.742 -53280209.82520837
6.75 -52917438.465170376
6.7 -53064175.91399389
6.708 -53105350.38014826
6.717 -53047667.283696145
6.725 -52876365.96695953
6.733 -52490064.01799228
6.742 -52200677.43983179
6.75 -51845256.34048033
6.758 -51542857.07726163
6.767 -51292702.77345579
6.775 -50942331.37278362
6.783 -50546318.46481771
6.792 -50411724.57309608
6.8 -50143702.104732685
6.75 -50779705.03744025
6.758 -50483520.84483177
6.767 -50238507.84542283
6.775 -49895337.46426308
6.783 -49507463.62436026
6.792 -49375635.97793914
6.8 -49113122.05000099
6.808 -48862402.22607164
6.817 -48601410.11800559
6.825 -48360201.668276906
6.833 -48105487.067183286
6.842 -47967762.36875776
6.85 -47886725.46056816
6.8 -48089866.897983246
6.808 -47844370.73609858
6.817 -47588816.30961471
6.825 -47352633.3556923
6.833 -47103225.6464635
6.842 -46968370.395170264
6.85 -46889021.86333197
6.858 -46737216.57354746
6.867 -46558216.7165132
6.875 -46325386.5174572
6.883 -46141171.26396409
6.892 -45820238.11758529
6.858 -45750812.439369075
6.867 -45575590.43244958
6.875 -45347674.19035867
6.883 -45167346.85961633
6.892 -44853187.111518204
6.9 -44500737.43474881
6.908 -44255134.89227163
6.917 -44008438.35183242
6.925 -43717252.56093707
6.933 -43500823.29744753
6.942 -43199244.52591282
6.95 -42844242.18723201
6.9 -43550129.03409046
6.908 -43309772.96287557
6.917 -43068346.2632811
6.925 -42783380.67625053
6.933 -42571574.69515768
6.942 -42276438.13852113
6.95 -41929019.2293486
6.958 -41656722.74480968
6.967 -41271831.84235198
6.975 -40917453.84871222
6.983 -40539700.46878502
6.992 -40171047.43008423
7.0 -39839687.94660535
6.95 -41023343.85515347
6.958 -40756929.03026363
6.967 -40380351.849865615
6.975 -40033628.49322655
6.983 -39664034.66341542
6.992 -39303344.60560257
7.0 -38979142.554606214
7.008 -38683746.82478079
7.017 -38531684.36575127
7.025 -38343832.234963946
7.033 -38033946.05267072
7.042 -37794591.711305074
7.05 -37490815.960775375
7.0 -38128729.87358394
7.008 -37839778.82822564
7.017 -37691033.93430892
7.025 -37507280.196244195
7.033 -37204154.83837717
7.042 -36970022.51970918
7.05 -36672874.28157474
7.058 -36328079.86042911
7.067 -36261648.44397262
7.075 -35973038.94831331
7.083 -35846324.00998243
7.092 -35621925.85773608
7.1 -35475913.3614114
7.05 -35865782.598581254
7.058 -35528576.366665415
7.067 -35463606.963884205
7.075 -35181349.14717406
7.083 -35057422.934156954
7.092 -34837963.30625333
7.1 -34695164.23330233
7.108 -34440631.14888443
7.117 -34174740.945214294
7.125 -33994363.168855146
7.133 -33789768.005855195
7.142 -33500495.497842196
7.108 -33677176.91793486
7.117 -33417180.770040948
7.125 -33240801.473731004
7.133 -33040741.623749822
7.142 -32757881.49300091
7.15 -32472898.27812976
7.158 -32224660.749989837
7.167 -31981812.58923716
7.175 -31791061.64656122
7.183 -31401720.681373347
7.192 -31109551.643319193
7.2 -30880421.87227952
7.15 -31749097.477474492
7.158 -31506393.0101683
7.167 -31268957.78458651
7.175 -31082458.5623407
7.183 -30701795.766249936
7.192 -30416138.995190214
7.2 -30192116.38490694
7.208 -29852809.15265322
7.217 -29572900.645292856
7.225 -29234551.45698902
7.233 -28883907.371328235
7.242 -28513942.732677944
7.25 -28147650.59583557
7.2 -29516792.528209254
7.208 -29185074.769504517
7.217 -28911427.13138244
7.225 -28580645.987525802
7.233 -28237844.953118455
7.242 -27876155.51927428
7.25 -27518056.44234784
7.258 -27175255.407940492
7.267 -27022899.392648336
7.275 -26830425.041362245
7.283 -26691337.736418284
7.292 -26476072.423828237
7.3 -26415504.66365062
7.25 -26901809.94187048
7.258 -26566685.682829015
7.267 -26417741.567699473
7.275 -26229577.53700816
7.283 -26093604.989282325
7.292 -25883160.383991707
7.3 -25823948.993960705
7.308 -25639752.73682817
7.317 -25649977.38407579
7.325 -25560092.052301917
7.333 -25555361.24536645
7.342 -25542847.497988768
7.35 -25590460.78069411
7.3 -25246496.89204744
7.308 -25066419.467238754
7.317 -25076415.480049178
7.325 -24988540.083850075
7.333 -24983915.06299749
7.342 -24971681.1368713
7.35 -25018229.733839244
7.358 -24984810.2283238
7.367 -24936620.494924292
7.375 -24792797.265831016
7.383 -24765345.529157616
7.392 -24554235.706370294
7.358 -24428677.29262663
7.367 -24381560.20687427
7.375 -24240938.31626971
7.383 -24214097.623457227
7.392 -24007686.860795967
7.4 -23955464.208476026
7.408 -23873775.143394537
7.417 -23734028.492772996
7.425 -23625498.734879024
7.433 -23649276.087750956
7.442 -23477874.92441034
7.45 -23478604.29106285
7.4 -23426590.971301466
7.408 -23346705.38453772
7.417 -23210043.970038313
7.425 -23103910.261909343
7.433 -23127162.67377093
7.442 -22959545.594400574
7.45 -22960258.858568106
7.458 -22985508.41009879
7.467 -22900629.974162314
7.475 -22888219.17764723
7.483 -22863540.237450574
7.492 -22909046.49133921
7.5 -22730730.44945585
7.45 -22459593.197169192
7.458 -22484292.163295116
7.467 -22401264.565301206
7.475 -22389124.395510495
7.483 -22364983.59811059
7.492 -22409497.554009847
7.5 -22235069.827131886
7.508 -22220976.066800144
7.517 -22177997.074897416
7.525 -22141437.023343794
7.533 -22029524.1937789
7.542 -21993243.22658828
7.55 -21869050.685051177
7.5 -21758516.968461595
7.508 -21744725.272473603
7.517 -21702667.427282497
7.525 -21666890.948580973
7.533 -21557376.689349595
7.542 -21521873.31353892
7.55 -21400342.527110085
7.558 -21233340.109354492
7.567 -21229926.32321885
7.575 -21068659.066171143
7.583 -20904933.88310577
7.592 -20962148.938739125
7.6 -20932790.377972607
7.55 -20952100.13338822
7.558 -20788595.67663009
7.567 -20785253.394194312
7.575 -20627363.971928287
7.583 -20467068.1063085
7.592 -20523084.7599321
7.6 -20494341.13098443
7.608 -20293269.41964819
7.617 -20377628.628327157
7.625 -20162118.256868366
7.633 -20203027.793882255
7.642 -20070807.100722987
7.608 -19880649.446882166
7.617 -19963293.392551124
7.625 -19752164.9608263
7.633 -19792242.690421708
7.642 -19662710.420585576
7.65 -19562647.06956959
7.658 -19565004.583075203
7.667 -19502530.475176483
7.675 -19500172.96167087
7.683 -19518247.231880564
7.692 -19469525.28609791
7.7 -19407837.01603439
7.65 -19179563.289345454
7.658 -19181874.637054462
7.667 -19120623.92276576
7.675 -19118312.575056754
7.683 -19136032.90749248
7.692 -19088265.054839652
7.7 -19027784.789787285
7.708 -18904898.136591714
7.717 -18915427.609488305
7.725 -18945988.762529626
7.733 -18841978.115624283
7.742 -18900275.4411737
7.75 -18878317.637938123
7.7 -18672286.810183972
7.708 -18551696.060448207
7.717 -18562028.810164332
7.725 -18592018.986169674
7.733 -18489951.580437202
7.742 -18547159.731304538
7.75 -18525612.167872127
7.758 -18508852.95186914
7.767 -18688037.953043927
7.775 -18611676.41245889
7.783 -18768557.795343988
7.792 -19033681.031962648
7.8 -19194090.670848373
7.75 -18199095.7966684
7.758 -18182631.964069966
7.767 -18358658.805836707
7.775 -18283643.147531044
7.783 -18437759.475238215
7.792 -18698209.87965257
7.8 -18855792.277380463
7.808 -18893423.894748315
7.817 -18975619.269525472
7.825 -18857401.524175797
7.833 -18915581.98523794
7.8 -18546541.572656784
7.808 -18583556.000143684
7.817 -18664403.302286133
7.825 -18548124.426463787
7.833 -18605350.6794863
