0.942 -0.0
0.95 -0.2171
0.958 -0.4264
0.967 -0.8501
0.975 -1.2307
0.983 -1.647
0.992 -1.9747
1.0 -2.4046
1.008 -2.7458
1.017 -3.2494
1.025 -3.8092
1.033 -4.3732
1.042 -4.9242
1.05 -5.4207
1.058 -5.7513
1.067 -6.0916
1.075 -6.5395
1.083 -6.9868
1.092 -7.4966
1.1 -7.8295
1.108 -8.1011
1.117 -8.3736
1.125 -8.6428
1.133 -8.9067
1.142 -9.1531
1.15 -9.2887
1.158 -9.3875
1.167 -9.4601
1.175 -9.5815
1.183 -9.6495
1.192 -9.7913
1.2 -9.8705
1.208 -9.9125
1.217 -9.9962
1.225 -10.1013
1.233 -10.3262
1.242 -10.5217
1.25 -10.6501
1.258 -10.7608
1.267 -10.9903
1.275 -11.3627
1.283 -11.7499
1.292 -11.9569
1.3 -12.173
1.308 -12.4101
1.317 -12.8218
1.325 -13.1974
1.333 -13.5264
1.342 -13.791
1.35 -14.132
1.358 -14.4522
1.367 -14.7377
1.375 -15.0877
1.383 -15.4736
1.392 -15.8297
1.4 -16.0487
1.408 -16.3083
1.417 -16.6232
1.425 -16.9608
1.433 -17.3355
1.442 -17.6957
1.45 -17.9461
1.458 -18.247
1.467 -18.4787
1.475 -18.8178
1.483 -19.124
1.492 -19.4125
1.5 -19.6703
1.508 -19.8482
1.517 -20.0924
1.525 -20.3118
1.533 -20.5826
1.542 -20.8235
1.55 -20.989
1.558 -21.2204
1.567 -21.4226
1.575 -21.6002
1.583 -21.7865
1.592 -21.9959
1.6 -22.2006
1.608 -22.3644
1.617 -22.4708
1.625 -22.6176
1.633 -22.7365
1.642 -22.9038
1.65 -23.0362
1.658 -23.1258
1.667 -23.227
1.675 -23.2795
1.683 -23.3909
1.692 -23.4669
1.7 -23.5888
1.708 -23.7477
1.717 -23.8627
1.725 -23.9831
1.733 -24.1165
1.742 -24.2277
1.75 -24.4113
1.758 -24.5603
1.767 -24.7604
1.775 -24.9528
1.783 -25.1032
1.792 -25.2976
1.8 -25.4502
1.808 -25.6377
1.817 -25.8084
1.825 -25.9565
1.833 -26.1157
1.842 -26.2763
1.85 -26.4421
1.858 -26.5812
1.867 -26.7506
1.875 -26.9252
1.883 -27.0771
1.892 -27.2194
1.9 -27.3934
1.908 -27.5546
1.917 -27.7171
1.925 -27.8822
1.933 -28.0236
1.942 -28.1918
1.95 -28.3189
1.958 -28.4051
1.967 -28.5114
1.975 -28.6064
1.983 -28.6876
1.992 -28.7502
2.0 -28.8149
2.008 -28.8907
2.017 -28.9269
2.025 -28.9662
2.033 -29.0163
2.042 -29.0719
2.05 -29.1203
2.058 -29.18
2.067 -29.2202
2.075 -29.2778
2.083 -29.3325
2.092 -29.3776
2.1 -29.4371
2.108 -29.5007
2.117 -29.5696
2.125 -29.6055
2.133 -29.6465
2.142 -29.7007
2.15 -29.7543
2.158 -29.7975
2.167 -29.829
2.175 -29.8226
2.183 -29.8582
2.192 -29.8663
2.2 -29.9038
2.208 -29.9372
2.217 -29.9556
2.225 -29.9354
2.233 -29.9233
2.242 -29.955
2.25 -29.9654
2.258 -29.9808
2.267 -29.9833
2.275 -29.9898
2.283 -29.9889
2.292 -29.9978
2.3 -30.0114
2.308 -30.0197
2.317 -30.0239
2.325 -30.0592
2.333 -30.0912
2.342 -30.1211
2.35 -30.1622
2.358 -30.1967
2.367 -30.2479
2.375 -30.2826
2.383 -30.3494
2.392 -30.3994
2.4 -30.4788
2.408 -30.5321
2.417 -30.6001
2.425 -30.6498
2.433 -30.7395
2.442 -30.7843
2.45 -30.863
2.458 -30.8976
2.467 -30.9488
2.475 -30.9902
2.483 -31.0637
2.492 -31.1388
2.5 -31.1973
2.508 -31.2395
2.517 -31.2797
2.525 -31.3463
2.533 -31.4151
2.542 -31.4575
2.55 -31.5034
2.558 -31.5485
2.567 -31.6008
2.575 -31.6204
2.583 -31.6551
2.592 -31.6961
2.6 -31.7511
2.608 -31.7966
2.617 -31.8255
2.625 -31.88
2.633 -31.9319
2.642 -31.9775
2.65 -31.9997
2.658 -32.065
2.667 -32.1271
2.675 -32.1894
2.683 -32.2376
2.692 -32.3098
2.7 -32.371
2.708 -32.4233
2.717 -32.4932
2.725 -32.5292
2.733 -32.5599
2.742 -32.6107
2.75 -32.6528
2.758 -32.6796
2.767 -32.6937
2.775 -32.7299
2.783 -32.7639
2.792 -32.8041
2.8 -32.8226
2.808 -32.8652
2.817 -32.8941
2.825 -32.9277
2.833 -32.9601
2.842 -33.0219
2.85 -33.0786
2.858 -33.1448
2.867 -33.212
2.875 -33.2688
2.883 -33.3276
2.892 -33.3752
2.9 -33.4367
2.908 -33.4883
2.917 -33.5257
2.925 -33.5791
2.933 -33.6082
2.942 -33.6664
2.95 -33.7003
2.958 -33.7477
2.967 -33.8008
2.975 -33.8345
2.983 -33.8656
2.992 -33.9258
3.0 -33.9811
3.008 -34.0287
3.017 -34.0864
3.025 -34.1281
3.033 -34.1992
3.042 -34.2642
3.05 -34.3263
3.058 -34.4054
3.067 -34.4595
3.075 -34.5195
3.083 -34.5611
3.092 -34.5964
3.1 -34.6211
3.108 -34.6626
3.117 -34.6855
3.125 -34.6992
3.133 -34.7203
3.142 -34.7492
3.15 -34.7547
3.158 -34.7625
3.167 -34.7766
3.175 -34.8162
3.183 -34.8283
3.192 -34.8642
3.2 -34.8856
3.208 -34.9241
3.217 -34.9485
3.225 -34.9751
3.233 -34.9936
3.242 -35.01
3.25 -35.0057
3.258 -35.0288
3.267 -35.0182
3.275 -35.0217
3.283 -35.031
3.292 -35.0437
3.3 -35.0513
3.308 -35.0613
3.317 -35.062
3.325 -35.0803
3.333 -35.0887
3.342 -35.104
3.35 -35.1391
3.358 -35.1637
3.367 -35.2093
3.375 -35.2319
3.383 -35.2662
3.392 -35.2983
3.4 -35.3435
3.408 -35.414
3.417 -35.4779
3.425 -35.5396
3.433 -35.5968
3.442 -35.6578
3.45 -35.7086
3.458 -35.7665
3.467 -35.7904
3.475 -35.8085
3.483 -35.8079
3.492 -35.8172
3.5 -35.8202
3.508 -35.83
3.517 -35.8449
3.525 -35.8367
3.533 -35.8054
3.542 -35.7656
3.55 -35.7519
3.558 -35.7499
3.567 -35.7522
3.575 -35.757
3.583 -35.7444
3.592 -35.7334
3.6 -35.7186
3.608 -35.7284
3.617 -35.7525
3.625 -35.7778
3.633 -35.8152
3.642 -35.8297
3.65 -35.8488
3.658 -35.853
3.667 -35.9055
3.675 -35.9474
3.683 -35.9881
3.692 -36.0164
3.7 -36.0213
3.708 -36.0282
3.717 -36.0162
3.725 -36.04
3.733 -36.0193
3.742 -35.9974
3.75 -36.0011
3.758 -36.007
3.767 -36.0246
3.775 -36.0551
3.783 -36.0605
3.792 -36.0902
3.8 -36.0859
3.808 -36.1141
3.817 -36.1599
3.825 -36.1821
3.833 -36.2005
3.842 -36.217
3.85 -36.2422
3.858 -36.2788
3.867 -36.3039
3.875 -36.3184
3.883 -36.3266
3.892 -36.3304
3.9 -36.3346
3.908 -36.3296
3.917 -36.3287
3.925 -36.3295
3.933 -36.3327
3.942 -36.325
3.95 -36.3259
3.958 -36.3192
3.967 -36.3306
3.975 -36.3346
3.983 -36.3332
3.992 -36.3613
4.0 -36.3824
4.008 -36.4117
4.017 -36.4653
4.025 -36.5117
4.033 -36.5654
4.042 -36.6006
4.05 -36.6222
4.058 -36.6672
4.067 -36.7266
4.075 -36.7475
4.083 -36.796
4.092 -36.8272
4.1 -36.8694
4.108 -36.8591
4.117 -36.8904
4.125 -36.9082
4.133 -36.9031
4.142 -36.9503
4.15 -36.9801
4.158 -37.0261
4.167 -37.0226
4.175 -37.021
4.183 -37.0429
4.192 -37.0282
4.2 -37.0382
4.208 -37.0514
4.217 -37.0494
4.225 -37.0766
4.233 -37.0861
4.242 -37.0964
4.25 -37.1181
4.258 -37.1184
4.267 -37.129
4.275 -37.1176
4.283 -37.1165
4.292 -37.1036
4.3 -37.0795
4.308 -37.0677
4.317 -37.0387
4.325 -37.0321
4.333 -37.0158
4.342 -37.0145
4.35 -36.9884
4.358 -36.9681
4.367 -36.9529
4.375 -36.91
4.383 -36.9009
4.392 -36.9151
4.4 -36.9092
4.408 -36.9023
4.417 -36.8675
4.425 -36.8534
4.433 -36.8745
4.442 -36.9174
4.45 -36.9625
4.458 -36.9921
4.467 -36.9996
4.475 -37.0115
4.483 -37.0137
4.492 -37.021
4.5 -37.0256
4.508 -37.0033
4.517 -36.9822
4.525 -36.9846
4.533 -36.9597
4.542 -36.9426
4.55 -36.898
4.558 -36.9185
4.567 -36.8973
4.575 -36.8997
4.583 -36.9034
4.592 -36.9005
4.6 -36.8815
4.608 -36.8595
4.617 -36.8572
4.625 -36.8486
4.633 -36.8498
4.642 -36.8489
4.65 -36.8444
4.658 -36.8313
4.667 -36.8398
4.675 -36.8181
4.683 -36.8124
4.692 -36.8391
4.7 -36.8726
4.708 -36.8482
4.717 -36.8572
4.725 -36.8672
4.733 -36.8617
4.742 -36.8832
4.75 -36.9049
4.758 -36.901
4.767 -36.8658
4.775 -36.8643
4.783 -36.8499
4.792 -36.8674
4.8 -36.9249
4.808 -36.9072
4.817 -36.8943
4.825 -36.8836
4.833 -36.8793
4.842 -36.8429
4.85 -36.8532
4.858 -36.8201
4.867 -36.7612
4.875 -36.7282
4.883 -36.7133
4.892 -36.6762
4.9 -36.666
4.908 -36.6698
4.917 -36.617
4.925 -36.5704
4.933 -36.5447
4.942 -36.5246
4.95 -36.5104
4.958 -36.4735
4.967 -36.4668
4.975 -36.4501
4.983 -36.4536
4.992 -36.4297
5.0 -36.4135
5.008 -36.3558
5.017 -36.3409
5.025 -36.3583
5.033 -36.347
5.042 -36.2962
5.05 -36.2634
5.058 -36.2126
5.067 -36.1817
5.075 -36.106
5.083 -36.036
5.092 -35.9997
5.1 -35.9206
5.108 -35.8799
5.117 -35.804
5.125 -35.7077
5.133 -35.6333
5.142 -35.5747
5.15 -35.5257
5.158 -35.4847
5.167 -35.3626
5.175 -35.3461
5.183 -35.3096
5.192 -35.2809
5.2 -35.1915
5.208 -35.0992
5.217 -35.0589
5.225 -35.067
5.233 -35.0344
5.242 -34.9465
5.25 -34.8787
5.258 -34.8199
5.267 -34.7942
5.275 -34.7986
5.283 -34.6965
5.292 -34.5896
5.3 -34.493
5.308 -34.3988
5.317 -34.2523
5.325 -34.1766
5.333 -34.1163
5.342 -33.9938
5.35 -33.9429
5.358 -33.9133
5.367 -33.8504
5.375 -33.7803
5.383 -33.7158
5.392 -33.6383
5.4 -33.5547
5.408 -33.5039
5.417 -33.4877
5.425 -33.4703
5.433 -33.4125
5.442 -33.3998
5.45 -33.3505
5.458 -33.2692
5.467 -33.2396
5.475 -33.1617
5.483 -33.0848
5.492 -33.0581
5.5 -33.0523
5.508 -32.9928
5.517 -32.9553
5.525 -32.9456
5.533 -32.9463
5.542 -32.9059
5.55 -32.8787
5.558 -32.845
5.567 -32.8003
5.575 -32.7323
5.583 -32.7198
5.592 -32.6621
5.6 -32.5567
5.608 -32.4829
5.617 -32.4241
5.625 -32.291
5.633 -32.2302
5.642 -32.1307
5.65 -32.0468
5.658 -31.9687
5.667 -31.9011
5.675 -31.8296
5.683 -31.7639
5.692 -31.6968
5.7 -31.6665
5.708 -31.5649
5.717 -31.5078
5.725 -31.4687
5.733 -31.409
5.742 -31.3592
5.75 -31.2604
5.758 -31.1657
5.767 -31.0899
5.775 -31.0044
5.783 -30.9194
5.792 -30.8028
5.8 -30.794
5.808 -30.7133
5.817 -30.5755
5.825 -30.4514
5.833 -30.3549
5.842 -30.255
5.85 -30.161
5.858 -30.0253
5.867 -29.8859
5.875 -29.8007
5.883 -29.6921
5.892 -29.5579
5.9 -29.4613
5.908 -29.3871
5.917 -29.2034
5.925 -27.4067
5.933 -27.136
5.942 -27.2121
5.95 -28.923
5.958 -30.3181
5.967 -30.355
5.975 -31.4849
5.983 -32.5016
5.992 -33.1424
6.0 -32.6422
6.008 -29.8377
6.017 -31.6806
6.025 -32.8236
6.033 -33.5246
6.042 -33.8795
6.05 -33.9623
6.058 -33.9277
6.067 -31.7226
6.075 -33.0943
6.083 -34.0369
6.092 -34.8345
6.1 -35.503
6.108 -36.0383
6.117 -36.1271
6.125 -36.0776
6.133 -34.9894
6.142 -34.4739
6.15 -34.3328
6.158 -34.3054
6.167 -34.3966
6.175 -34.5633
6.183 -34.4011
6.192 -33.8178
6.2 -33.4757
6.208 -33.2498
6.217 -32.9223
6.225 -32.7053
6.233 -32.66
6.242 -32.5428
6.25 -32.4274
6.258 -32.2657
6.267 -32.0718
6.275 -31.8269
6.283 -31.8151
6.292 -31.6889
6.3 -31.4395
6.308 -31.2211
6.317 -30.9226
6.325 -30.5832
6.333 -30.4329
6.342 -30.4428
6.35 -30.5338
6.358 -30.5274
6.367 -30.2951
6.375 -29.8541
6.383 -29.5119
6.392 -29.3682
6.4 -29.5407
6.408 -29.6575
6.417 -29.7228
6.425 -29.6149
6.433 -29.4056
6.442 -29.0452
6.45 -28.6989
6.458 -28.5295
6.467 -28.4615
6.475 -28.4606
6.483 -28.3622
6.492 -28.323
6.5 -28.0821
6.508 -27.8981
6.517 -27.7346
6.525 -27.6658
6.533 -27.5838
6.542 -27.4849
6.55 -27.3308
6.558 -27.1974
6.567 -27.0438
6.575 -26.9201
6.583 -26.7512
6.592 -26.4968
6.6 -26.1196
6.608 -26.0424
6.617 -26.1623
6.625 -26.0541
6.633 -25.9559
6.642 -25.8511
6.65 -25.8992
6.658 -25.5149
6.667 -25.1333
6.675 -25.0326
6.683 -24.8431
6.692 -24.5959
6.7 -24.3809
6.708 -24.1537
6.717 -23.9682
6.725 -23.7412
6.733 -23.5925
6.742 -23.3378
6.75 -23.1737
6.758 -22.9848
6.767 -22.8082
6.775 -22.7165
6.783 -22.5382
6.792 -22.475
6.8 -22.3241
6.808 -22.1742
6.817 -22.0356
6.825 -21.8198
6.833 -21.6539
6.842 -21.4809
6.85 -21.2789
6.858 -21.174
6.867 -21.0003
6.875 -20.8154
6.883 -20.6025
6.892 -20.3026
6.9 -20.0915
6.908 -19.9707
6.917 -19.7945
6.925 -19.6064
6.933 -19.5267
6.942 -19.3722
6.95 -19.2649
6.958 -19.0857
6.967 -18.9532
6.975 -18.7571
6.983 -18.6148
6.992 -18.5444
7.0 -18.3467
7.008 -18.2521
7.017 -18.1271
7.025 -17.9506
7.033 -17.7461
7.042 -17.5419
7.05 -17.3913
7.058 -17.2137
7.067 -17.024
7.075 -16.846
7.083 -16.7052
7.092 -16.4995
7.1 -16.3752
7.108 -16.1799
7.117 -15.9358
7.125 -15.754
7.133 -15.6031
7.142 -15.424
7.15 -15.2734
7.158 -15.1691
7.167 -15.0161
7.175 -14.9352
7.183 -14.7604
7.192 -14.6013
7.2 -14.5978
7.208 -14.4655
7.217 -14.296
7.225 -14.2532
7.233 -14.2282
7.242 -14.1998
7.25 -14.1341
7.258 -13.9571
7.267 -13.7948
7.275 -13.6917
7.283 -13.5969
7.292 -13.3552
7.3 -13.187
7.308 -13.0894
7.317 -12.9499
7.325 -12.8213
7.333 -12.8425
7.342 -12.8045
7.35 -12.7657
7.358 -12.6419
7.367 -12.5436
7.375 -12.3118
7.383 -12.2083
7.392 -12.2018
7.4 -12.1807
7.408 -12.2429
7.417 -12.1031
7.425 -11.939
7.433 -11.7635
7.442 -11.5355
7.45 -11.4714
7.458 -11.4683
7.467 -11.4533
7.475 -11.4854
7.483 -11.4215
7.492 -11.3398
7.5 -11.1879
7.508 -10.9179
7.517 -10.7688
7.525 -10.6481
7.533 -10.5326
7.542 -10.3912
7.55 -10.2501
7.558 -10.0877
7.567 -10.0801
7.575 -10.0168
7.583 -10.0204
7.592 -9.9668
7.6 -9.9764
7.608 -9.9374
7.617 -9.9227
7.625 -10.0404
7.633 -10.0354
7.642 -10.0817
7.65 -10.1887
7.658 -10.2369
7.667 -10.2951
7.675 -10.3633
7.683 -10.3654
7.692 -10.3681
7.7 -10.3472
7.708 -10.3934
7.717 -10.4478
7.725 -10.4415
7.733 -10.5195
7.742 -10.5252
7.75 -10.5565
7.758 -10.5928
7.767 -10.6324
7.775 -10.6374
7.783 -10.6891
7.792 -10.7476
